00000000000000000000000000000000000
00000000000000000000000000000000000
00000000000000000000000000000000000
00000000000000000000000000000000000
00000000000000000000000000000000000
00000000000000000000000000000000000
00000000000000000000000000000000000
00000000000000000000000000000000000
00000000000000000100000000000000000
00000000000000001010000000000000000
00000000000000010001000000000000000
00000000000000101010100000000000000
00000000000001000100010000000000000
00000000000010101110101000000000000
00000000000001000100010000000000000
00000000000000101010100000000000000
00000000000000010001000000000000000
00000000000000001010000000000000000
00000000000000000100000000000000000
00000000000000000000000000000000000
00000000000000000000000000000000000
00000000000000000000000000000000000
00000000000000000000000000000000000
00000000000000000000000000000000000
00000000000000000000000000000000000
00000000000000000000000000000000000
00000000000000000000000000000000000